"","X1","X2","X3","X4","X5","max"
"text1",0.0817535545023697,0.597156398104265,0.12085308056872,0.181279620853081,0.018957345971564,2
"text2",0.105932203389831,0.614406779661017,0.133474576271186,0.108050847457627,0.038135593220339,2
"text3",0.105010893246187,0.647058823529412,0.184749455337691,0.0427015250544662,0.020479302832244,2
"text4",0.0117743254292723,0.0035977105478332,0.949304987735078,0.0328699918233851,0.00245298446443173,3
"text5",0.189728958630528,0.0171184022824536,0.777053189321378,0.0136539637252904,0.00244548604035052,3
"text6",0.432024611778494,0.0210958101377088,0.434954585408731,0.10914151772634,0.00278347494872546,3
"text7",0.066793893129771,0.709446564885496,0.160782442748092,0.036736641221374,0.0262404580152672,2
"text8",0.311279143037177,0.247321991178324,0.0207939508506616,0.413358538122243,0.0072463768115942,4
"text9",0.155495103373232,0.818715995647443,0.00663764961915125,0.0162132752992383,0.0029379760609358,2
"text10",0.0113941018766756,0.469436997319035,0.0687667560321716,0.447184986595174,0.0032171581769437,2
"text11",0.758199581297976,0.0429169574319609,0.170621074668528,0.0230286113049546,0.0052337752965806,1
"text12",0.0709581824168587,0.00798485347382285,0.793216990451103,0.126852156733619,0.000987816924596642,3
"text13",0.0492462311557789,0.186934673366834,0.273366834170854,0.4321608040201,0.0582914572864322,4
"text14",0.109452736318408,0.0812603648424544,0.462686567164179,0.182421227197347,0.164179104477612,3
"text15",0.173376623376623,0.652922077922078,0.0262987012987013,0.141233766233766,0.00616883116883117,2
"text16",0.0692897797574858,0.410913140311804,0.100841375897055,0.416233605543182,0.00272209849047266,4
"text17",0.0904098014364174,0.75496408956485,0.100126742712294,0.0456273764258555,0.00887198986058302,2
"text18",0.735501173315454,0.0241367750586658,0.219577606436473,0.0164264163593698,0.00435802883003688,1
"text19",0.47992185804211,0.394833948339483,0.106576948122422,0.0136748426307792,0.00499240286520512,1
"text20",0.750155763239875,0.12398753894081,0.0688473520249221,0.0507788161993769,0.00623052959501558,1
"text21",0.0845070422535211,0.372599231754161,0.0704225352112676,0.0857874519846351,0.386683738796415,5
"text22",0.498172514619883,0.277046783625731,0.175438596491228,0.0358187134502924,0.0135233918128655,1
"text23",0.210127267803953,0.0779853777416734,0.421473057135121,0.287029515299215,0.00338478202003791,3
"text24",0.0752032520325203,0.695121951219512,0.149390243902439,0.0558943089430894,0.024390243902439,2
"text25",0.417697686928456,0.452931683700914,0.106777837547068,0.013986013986014,0.00860677783754707,2
"text26",0.0397308140287304,0.576549760579785,0.24265562313964,0.136534230619904,0.00452957163193995,2
"text27",0.0922004132231405,0.670196280991736,0.0914256198347107,0.136880165289256,0.00929752066115703,2
"text28",0.0802828618968386,0.74459234608985,0.105865224625624,0.0667637271214642,0.00249584026622296,2
"text29",0.155193683691093,0.689242536392795,0.0604490500863558,0.0925240562546262,0.00259067357512953,2
"text30",0.293478260869565,0.482608695652174,0.123913043478261,0.058695652173913,0.041304347826087,2
"text31",0.134470190054673,0.0314588214874599,0.0771500477306257,0.755532413434002,0.00138852729323961,4
"text32",0.444607268464244,0.489742086752638,0.0398593200468933,0.0211019929660023,0.00468933177022274,2
"text33",0.559948979591837,0.252551020408163,0.0637755102040816,0.103316326530612,0.0204081632653061,1
"text34",0.149863760217984,0.743869209809264,0.0619891008174387,0.029291553133515,0.0149863760217984,2
"text35",0.0506024096385542,0.808835341365462,0.0803212851405622,0.0526104417670683,0.00763052208835341,2
"text36",0.166201117318436,0.582402234636871,0.121508379888268,0.0837988826815642,0.0460893854748603,2
"text37",0.0090914388950405,0.263651727956175,0.0280902150474969,0.698350719738912,0.00081589836237543,4
"text38",0.25,0.308333333333333,0.116666666666667,0.208333333333333,0.116666666666667,2
"text39",0.160714285714286,0.392857142857143,0.169642857142857,0.191964285714286,0.0848214285714286,2
"text40",0.116691285081241,0.547267355982275,0.0361890694239291,0.0553914327917282,0.244460856720827,2
"text41",0.654205607476635,0.16588785046729,0.102803738317757,0.044392523364486,0.0327102803738318,1
"text42",0.163916391639164,0.435643564356436,0.319031903190319,0.0638063806380638,0.0176017601760176,2
"text43",0.0597091094667007,0.022454707833631,0.849961724929829,0.0635366164837969,0.00433784128604236,3
"text44",0.155080213903743,0.441176470588235,0.0748663101604278,0.0668449197860963,0.262032085561497,2
"text45",0.44188767550702,0.0967238689547582,0.398595943837753,0.0339313572542902,0.0288611544461778,1
"text46",0.350897819581018,0.61340316374519,0.0204147071398033,0.013253527148354,0.00203078238563489,2
"text47",0.533489567583913,0.0111883882673118,0.293543997580889,0.159132143937103,0.00264590263078319,1
"text48",0.127480158730159,0.531498015873016,0.136160714285714,0.202008928571429,0.00285218253968254,2
"text49",0.0759803921568627,0.598039215686274,0.269607843137255,0.0343137254901961,0.0220588235294118,2
"text50",0.206676743116252,0.71715844121706,0.0316751002168627,0.04330682788986,0.00118288755996583,2
"text51",0.149644670050761,0.0844670050761421,0.269238578680203,0.491979695431472,0.00467005076142132,4
"text52",0.115068493150685,0.0582191780821918,0.662328767123288,0.154109589041096,0.0102739726027397,3
"text53",0.244147157190635,0.304347826086957,0.1438127090301,0.247491638795987,0.0602006688963211,2
"text54",0.263581488933602,0.482897384305835,0.158953722334004,0.062374245472837,0.0321931589537223,2
"text55",0.179547596606975,0.712064090480679,0.0457115928369463,0.0513666352497644,0.0113100848256362,2
"text56",0.683773816840811,0.183159188690842,0.0611555009219422,0.0673017824216349,0.00460971112476951,1
"text57",0.160337552742616,0.118143459915612,0.421940928270042,0.223628691983122,0.0759493670886076,3
"text58",0.19404973357016,0.0430728241563055,0.574600355239787,0.0981349911190053,0.0901420959147425,3
"text59",0.192393736017897,0.598434004474273,0.0727069351230425,0.123042505592841,0.0134228187919463,2
"text60",0.476343335659456,0.458897418004187,0.0293091416608514,0.0330774598743894,0.00237264480111654,1
"text61",0.177748691099476,0.691361256544503,0.0489528795811518,0.074869109947644,0.00706806282722513,2
"text62",0.299894403379092,0.568637803590285,0.0385427666314678,0.0828933474128828,0.0100316789862724,2
"text63",0.284239631336406,0.228755760368664,0.162396313364055,0.237603686635945,0.0870046082949309,1
"text64",0.167788057190917,0.688814129520606,0.0479394449116905,0.0874684608915055,0.00798990748528175,2
"text65",0.4,0.130434782608696,0.226086956521739,0.156521739130435,0.0869565217391304,1
"text66",0.105769230769231,0.115384615384615,0.0961538461538462,0.125,0.557692307692308,5
"text67",0.579385403329065,0.0361258459850009,0.214285714285714,0.168648253155295,0.00155478324492409,1
"text68",0.123663412366341,0.596931659693166,0.0874012087401209,0.135285913528591,0.0567178056717806,2
"text69",0.284865629420085,0.558132956152758,0.0528995756718529,0.0978783592644979,0.00622347949080622,2
"text70",0.252946509519492,0.0412511332728921,0.0548504079782412,0.637352674524025,0.013599274705349,4
"text71",0.134387351778656,0.494071146245059,0.122529644268775,0.1699604743083,0.0790513833992095,2
"text72",0.29277566539924,0.121673003802281,0.448669201520913,0.0874524714828897,0.0494296577946768,3
"text73",0.501457725947522,0.12069970845481,0.338775510204082,0.0227405247813411,0.0163265306122449,1
"text74",0.0923845193508115,0.791510611735331,0.0387016229712859,0.0624219725343321,0.0149812734082397,2
"text75",0.183098591549296,0.404929577464789,0.0985915492957746,0.267605633802817,0.0457746478873239,2
"text76",0.166494845360825,0.604639175257732,0.166494845360825,0.0432989690721649,0.0190721649484536,2
"text77",0.361165048543689,0.531391585760518,0.0394822006472492,0.0576051779935275,0.0103559870550162,2
"text78",0.389988358556461,0.302240977881257,0.119615832363213,0.0493306169965076,0.138824214202561,1
"text79",0.442516268980477,0.125813449023861,0.190889370932755,0.203904555314534,0.0368763557483731,1
"text80",0.155052264808362,0.329268292682927,0.144599303135889,0.294425087108014,0.0766550522648084,2
"text81",0.142857142857143,0.126984126984127,0.150793650793651,0.126984126984127,0.452380952380952,5
"text82",0.600705247873885,0.320472930927194,0.0114084214893176,0.0622277535780958,0.00518564613150799,1
"text83",0.699532085561497,0.227941176470588,0.0292446524064171,0.0394385026737968,0.00384358288770053,1
"text84",0.198534310459694,0.616255829447035,0.13124583610926,0.0433044636908727,0.0106595602931379,2
"text85",0.399339933993399,0.165016501650165,0.181518151815182,0.155115511551155,0.099009900990099,1
"text86",0.399055489964581,0.358913813459268,0.132231404958678,0.076741440377804,0.0330578512396694,1
"text87",0.432643935159307,0.0396869759642258,0.424259362772499,0.0586920067076579,0.0447177193963108,1
"text88",0.0877880184331797,0.0256912442396313,0.863940092165899,0.0200460829493088,0.00253456221198157,3
"text89",0.109450337512054,0.753375120540019,0.0318225650916104,0.101976856316297,0.00337512054001929,2
"text90",0.253246753246753,0.422077922077922,0.168831168831169,0.0844155844155844,0.0714285714285714,2
"text91",0.239052035033488,0.537867078825348,0.0546110252447192,0.15816589386914,0.0103039670273055,2
"text92",0.151462134466383,0.786803299175206,0.0194951262184454,0.0344913771557111,0.00774806298425394,2
"text93",0.0458015267175573,0.505089058524173,0.0801526717557252,0.338422391857506,0.0305343511450382,2
"text94",0.0981432360742706,0.315649867374005,0.392572944297082,0.124668435013263,0.0689655172413793,3
"text95",0.347560975609756,0.24390243902439,0.201219512195122,0.134146341463415,0.0731707317073171,1
"text96",0.0399728997289973,0.0589430894308943,0.847560975609756,0.0457317073170732,0.00779132791327913,3
"text97",0.578571428571429,0.149450549450549,0.0862637362637363,0.179120879120879,0.00659340659340659,1
"text98",0.607521042628292,0.322970404561499,0.0211783871843606,0.046022264458322,0.00230790116752647,1
"text99",0.147370959961409,0.607814761215629,0.029064158224795,0.213579353593825,0.00217076700434153,2
"text100",0.115935735996526,0.754233608336952,0.0208423795049935,0.0990013026487191,0.00998697351280938,2
"text101",0.0469483568075117,0.707746478873239,0.140845070422535,0.073943661971831,0.0305164319248826,2
"text102",0.093213058419244,0.645189003436426,0.131872852233677,0.121563573883162,0.00816151202749141,2
"text103",0.28735632183908,0.160919540229885,0.160919540229885,0.252873563218391,0.137931034482759,1
"text104",0.407502863688431,0.376431844215349,0.111683848797251,0.102233676975945,0.00214776632302406,1
"text105",0.0612316305108467,0.483554933519944,0.0314905528341498,0.413925822253324,0.00979706088173548,2
"text106",0.0616365568544102,0.704569606801275,0.153028692879915,0.0648246546227418,0.0159404888416578,2
"text107",0.199120166705256,0.540402871034962,0.0318360731650845,0.226325538319055,0.00231535077564251,2
"text108",0.511794439764111,0.369418702611626,0.0240101095197978,0.088458298230834,0.006318449873631,1
"text109",0.0386949924127466,0.0250379362670713,0.769347496206373,0.157814871016692,0.00910470409711684,3
"text110",0.0770348837209302,0.387112403100775,0.296027131782946,0.188953488372093,0.0508720930232558,2
"text111",0.155747540196784,0.817014638828894,0.0107991360691145,0.0147588192944564,0.00167986561075114,2
"text112",0.053709691142687,0.16534076406024,0.0157193907938399,0.763400833829661,0.0018293201735727,4
"text113",0.102162331557505,0.0560952679410843,0.772798495769351,0.0636164211845816,0.00532748354747728,3
"text114",0.0903940886699507,0.105418719211823,0.257635467980296,0.540886699507389,0.00566502463054187,4
"text115",0.593837535014006,0.11484593837535,0.19327731092437,0.061624649859944,0.0364145658263305,1
"text116",0.0665467625899281,0.634892086330935,0.102517985611511,0.0719424460431655,0.12410071942446,2
"text117",0.418147801683817,0.0500467726847521,0.445743685687558,0.0720299345182413,0.0140318054256314,3
"text118",0.0941176470588235,0.515686274509804,0.227450980392157,0.13921568627451,0.0235294117647059,2
"text119",0.157257142857143,0.461257142857143,0.0694857142857143,0.3056,0.0064,2
"text120",0.143337334933974,0.442016806722689,0.166146458583433,0.244177671068427,0.00432172869147659,2
"text121",0.117293233082707,0.7,0.125563909774436,0.0368421052631579,0.0203007518796992,2
"text122",0.110262008733624,0.631550218340611,0.152292576419214,0.0990720524017467,0.00682314410480349,2
"text123",0.333518107908352,0.368070953436807,0.0489652623798965,0.246674057649667,0.00277161862527716,2
"text124",0.0878136200716846,0.829151732377539,0.00649641577060932,0.0729540023894863,0.003584229390681,2
"text125",0.722011898323418,0.155759870200108,0.0670632774472688,0.0459707950243375,0.0091941590048675,1
"text126",0.0813159528243327,0.516449410304159,0.203600248292986,0.162631905648665,0.0360024829298572,2
"text127",0.177508269018743,0.247335538404998,0.535464902609335,0.0334435869165748,0.00624770305034914,3
"text128",0.456513144890295,0.501284838900969,0.0129472227712987,0.026882783158727,0.00237201027871121,2
"text129",0.205185185185185,0.607407407407407,0.0755555555555556,0.097037037037037,0.0148148148148148,2
"text130",0.116976683259104,0.261723866911187,0.042572701074142,0.571522137804559,0.00720461095100865,4
"text131",0.404411764705882,0.125,0.220588235294118,0.169117647058824,0.0808823529411765,1
"text132",0.512908124525437,0.348139711465452,0.0189825360668185,0.114274867122248,0.00569476082004556,1
"text133",0.128813559322034,0.473728813559322,0.0449152542372881,0.121186440677966,0.23135593220339,2
"text134",0.228571428571429,0.364285714285714,0.178571428571429,0.142857142857143,0.0857142857142857,2
"text135",0.685421591804571,0.210874704491726,0.00291568163908589,0.0983451536643026,0.00244286840031521,1
"text136",0.0360408821947283,0.860677783754707,0.0623991393222162,0.0317374932759548,0.00914470145239376,2
"text137",0.293067539422791,0.0642665873252008,0.301100862838441,0.218387384706932,0.123177625706635,3
"text138",0.453020134228188,0.20503355704698,0.295302013422819,0.0406040268456376,0.00604026845637584,1
"text139",0.117401668653159,0.756853396901073,0.0810488676996424,0.0369487485101311,0.00774731823599523,2
"text140",0.00700053850296177,0.0107700592353258,0.00969305331179321,0.00915455035002692,0.963381798599892,5
"text141",0.114210985178727,0.770706190061029,0.0675675675675676,0.0405405405405405,0.00697471665213601,2
"text142",0.0348399246704331,0.00918079096045198,0.891007532956685,0.0612052730696798,0.00376647834274953,3
"text143",0.201923076923077,0.173076923076923,0.192307692307692,0.134615384615385,0.298076923076923,5
"text144",0.299674267100977,0.548045602605863,0.0260586319218241,0.117263843648208,0.00895765472312704,2
"text145",0.0670618747684328,0.0344572063727306,0.867358280844757,0.0229714709151538,0.00815116709892553,3
"text146",0.498497209102619,0.347788750536711,0.0592528982395878,0.0841562902533276,0.0103048518677544,1
"text147",0.0471438729556767,0.00452713913249585,0.930812988859919,0.0170656553685708,0.000450343683337284,3
"text148",0.13828689370485,0.70485036119711,0.0577915376676987,0.0815273477812178,0.0175438596491228,2
"text149",0.556821589205397,0.20359820089955,0.0194902548725637,0.215292353823088,0.0047976011994003,1
"text150",0.353587670540677,0.13466397170288,0.320869125821122,0.0636685194542698,0.127210712481051,1
"text151",0.161231884057971,0.659420289855073,0.0670289855072464,0.0851449275362319,0.0271739130434783,2
"text152",0.107579462102689,0.422982885085575,0.102689486552567,0.0537897310513447,0.312958435207824,2
"text153",0.328080229226361,0.448424068767908,0.0687679083094556,0.0587392550143266,0.0959885386819484,2
"text154",0.272727272727273,0.204545454545455,0.181818181818182,0.204545454545455,0.136363636363636,1
"text155",0.0611664295874822,0.776671408250356,0.108108108108108,0.0412517780938834,0.0128022759601707,2
"text156",0.428706326723324,0.431539187913126,0.0703493862134089,0.0594900849858357,0.00991501416430595,2
"text157",0.0653935185185185,0.764814814814815,0.0177083333333333,0.150694444444444,0.00138888888888889,2
"text158",0.380582524271845,0.180582524271845,0.0737864077669903,0.304854368932039,0.0601941747572816,1
"text159",0.0438332617103567,0.76063601203266,0.148689299527288,0.0378169316716803,0.00902449505801461,2
"text160",0.131919905771496,0.432273262661955,0.104829210836278,0.171967020023557,0.159010600706714,2
"text161",0.151351351351351,0.383783783783784,0.210810810810811,0.156756756756757,0.0972972972972973,2
"text162",0.669556650246305,0.29064039408867,0.014384236453202,0.0224630541871921,0.00295566502463054,1
"text163",0.278558755288658,0.607752149583731,0.051180565033438,0.0563668622901597,0.00614166780401256,2
"text164",0.135914658237851,0.737916502041354,0.0418806795732912,0.0809956538917424,0.00329250625576189,2
"text165",0.493582589285714,0.367466517857143,0.0440848214285714,0.087890625,0.00697544642857143,1
"text166",0.251302083333333,0.0651041666666667,0.194010416666667,0.455729166666667,0.0338541666666667,4
"text167",0.223561519217648,0.635546963838981,0.0747100295656129,0.0628837843984535,0.00329770297930407,2
"text168",0.062748643761302,0.0406871609403255,0.8750452079566,0.0177215189873418,0.00379746835443038,3
"text169",0.0711074301940369,0.013961192617132,0.904756270705159,0.00804543303360152,0.00212967345007099,3
"text170",0.0873702422145329,0.0819636678200692,0.791522491349481,0.0350346020761246,0.00410899653979239,3
"text171",0.43798250128667,0.366443643849717,0.161605764282038,0.0241893978383942,0.00977869274318065,1
"text172",0.413063477460902,0.269549218031279,0.274149034038638,0.0303587856485741,0.0128794848206072,1
"text173",0.257281553398058,0.300970873786408,0.0970873786407767,0.160194174757282,0.184466019417476,2
"text174",0.0936944937833037,0.739342806394316,0.101687388987567,0.0550621669626998,0.0102131438721137,2
"text175",0.728573103529136,0.174815335912768,0.00961425724000469,0.0838316332512604,0.00316567006683081,1
"text176",0.102829480010016,0.0333861948084467,0.793589850596778,0.067940906435189,0.00225356814957015,3
"text177",0.0487495734412324,0.0347096962901575,0.136645054355774,0.778920684444011,0.000974991468824648,4
"text178",0.425531914893617,0.478121236451224,0.0461661983139302,0.0433560818948214,0.00682456844640707,2
"text179",0.0758885686839577,0.474543707973103,0.234390009606148,0.118155619596542,0.0970220941402498,2
"text180",0.538443170964661,0.328557784145177,0.0191021967526266,0.110553963705826,0.00334288443170965,1
"text181",0.328467153284672,0.55352798053528,0.0666666666666667,0.0479318734793187,0.00340632603406326,2
"text182",0.150196592398427,0.0275229357798165,0.776146788990826,0.0346002621231979,0.0115334207077326,3
"text183",0.111764705882353,0.0422372227579556,0.682835101253616,0.160270009643202,0.00289296046287367,3
"text184",0.0222488675726086,0.304956035171862,0.314948041566747,0.353850253130829,0.00399680255795364,4
"text185",0.607950116913484,0.164068589243959,0.104442712392829,0.11730319563523,0.00623538581449727,1
"text186",0.186914023538799,0.73967684021544,0.0319170157590265,0.037901456213844,0.00359066427289048,2
"text187",0.0291280864197531,0.527391975308642,0.160108024691358,0.280671296296296,0.00270061728395062,2
"text188",0.171875,0.666193181818182,0.106534090909091,0.0340909090909091,0.0213068181818182,2
"text189",0.121244635193133,0.773605150214592,0.0627682403433476,0.0354077253218884,0.00697424892703863,2
"text190",0.350480322280756,0.0170436938332817,0.51688875116207,0.109079640533003,0.00650759219088937,3
"text191",0.0516123082598137,0.820755586978574,0.00777719713504042,0.114844302357751,0.00501060526882051,2
"text192",0.0875325803649001,0.0130321459600348,0.653344917463076,0.226976542137272,0.0191138140747176,3
"text193",0.129608294930876,0.461981566820277,0.0852534562211982,0.316244239631336,0.00691244239631336,2
"text194",0.481500781657113,0.39343408025013,0.0594059405940594,0.0594059405940594,0.00625325690463783,1
"text195",0.531575127026373,0.347205419791919,0.0168158722477619,0.10198403097024,0.00241954996370675,1
"text196",0.120938628158845,0.283393501805054,0.0884476534296029,0.222021660649819,0.285198555956679,5
"text197",0.233333333333333,0.406060606060606,0.115151515151515,0.13030303030303,0.115151515151515,2
"text198",0.541666666666667,0.184027777777778,0.125,0.114583333333333,0.0347222222222222,1
"text199",0.791838737375802,0.0581837510733123,0.0160281310054381,0.13071922149078,0.00323015905466738,1
"text200",0.0543371522094926,0.774140752864157,0.0782324058919804,0.0847790507364975,0.00851063829787234,2
"text201",0.543010752688172,0.0770609318996416,0.317204301075269,0.0376344086021505,0.025089605734767,1
"text202",0.128320239431351,0.692854470632248,0.0789375233819678,0.0912832023943135,0.00860456416011972,2
"text203",0.545502927088877,0.295369877594465,0.0425758382118148,0.104310803618946,0.0122405534858968,1
"text204",0.168508287292818,0.56353591160221,0.0994475138121547,0.129834254143646,0.0386740331491713,2
"text205",0.508894663202079,0.145312812312612,0.155506695982411,0.186288227063762,0.00399760143913652,1
"text206",0.673716012084592,0.0725075528700906,0.200906344410876,0.040785498489426,0.0120845921450151,1
"text207",0.0824484697064335,0.420986883198001,0.141786383510306,0.274828232354778,0.0799500312304809,2
"text208",0.576475477971737,0.0278470490440565,0.00914380714879468,0.381338320864505,0.00519534497090607,1
"text209",0.126953125,0.529296875,0.216796875,0.083984375,0.04296875,2
"text210",0.0409729668717196,0.896579942434675,0.0163383938145494,0.0428635927535414,0.00324510412551498,2
"text211",0.0899280575539568,0.804213771839671,0.0323741007194245,0.065775950668037,0.00770811921891059,2
"text212",0.446315789473684,0.225263157894737,0.183157894736842,0.0968421052631579,0.0484210526315789,1
"text213",0.364562118126273,0.546503733876443,0.0454854039375424,0.0298710115410726,0.0135777325186694,2
"text214",0.011441647597254,0.866819221967963,0.0887871853546911,0.0270022883295194,0.00594965675057208,2
"text215",0.0238810074943277,0.857011894666881,0.0105195608828181,0.106135264593312,0.00245227236266129,2
"text216",0.0669856459330144,0.0909090909090909,0.0781499202551834,0.0303030303030303,0.733652312599681,5
"text217",0.17339841366687,0.696278218425869,0.0711409395973154,0.0568639414276998,0.00231848688224527,2
"text218",0.0449494949494949,0.836111111111111,0.0113636363636364,0.105618686868687,0.00195707070707071,2
"text219",0.0902466040925786,0.0896053168541946,0.0408091878971608,0.776890339882236,0.00244855127382965,4
"text220",0.225688552408302,0.00926771961884871,0.751337945437932,0.0113562198146456,0.00234956272027151,3
"text221",0.15,0.433333333333333,0.0958333333333333,0.266666666666667,0.0541666666666667,2
"text222",0.138767890479154,0.015556938394524,0.588985687616677,0.0444928438083385,0.212196639701307,3
"text223",0.0848821081830791,0.132177531206657,0.194452149791956,0.58705501618123,0.00143319463707813,4
"text224",0.0985090521831736,0.322683706070288,0.146964856230032,0.136847710330138,0.294994675186368,2
"text225",0.693453113462958,0.210927885798671,0.0146443514644351,0.0785134137336943,0.0024612355402412,1
"text226",0.225930420711974,0.513754045307443,0.118527508090615,0.0649271844660194,0.0768608414239482,2
"text227",0.329817833173538,0.171620325982742,0.0370725471396612,0.452860338766379,0.00862895493767977,4
"text228",0.0070271164021164,0.657779431216931,0.118344907407407,0.215608465608466,0.00124007936507937,2
"text229",0.186201163757273,0.0922693266832918,0.181213632585204,0.530340814630091,0.00997506234413965,4
"text230",0.592592592592593,0.188065843621399,0.108641975308642,0.101234567901235,0.00946502057613169,1
"text231",0.0750642673521851,0.740874035989717,0.104884318766067,0.0668380462724936,0.0123393316195373,2
"text232",0.540616246498599,0.344137655062025,0.0600240096038415,0.0500200080032013,0.00520208083233293,1
"text233",0.179401993355482,0.664451827242525,0.0874861572535991,0.0476190476190476,0.0210409745293466,2
"text234",0.0792291220556745,0.674518201284797,0.154175588865096,0.0556745182012848,0.0364025695931477,2
"text235",0.478693181818182,0.259943181818182,0.180397727272727,0.0610795454545455,0.0198863636363636,1
"text236",0.184118333982094,0.412222654729467,0.175554690541067,0.201634877384196,0.0264694433631763,2
"text237",0.371794871794872,0.166666666666667,0.128205128205128,0.196581196581197,0.136752136752137,1
"text238",0.152091254752852,0.600760456273764,0.0950570342205323,0.0874524714828897,0.064638783269962,2
"text239",0.103057757644394,0.673839184597962,0.10872027180068,0.0951302378255946,0.0192525481313703,2
"text240",0.153543307086614,0.244094488188976,0.106299212598425,0.149606299212598,0.346456692913386,5
"text241",0.0763739000498091,0.282583430184294,0.379711107421551,0.253030051469367,0.00830151087497925,3
"text242",0.450145088596654,0.278755325060196,0.133481508921405,0.0290177193307403,0.108600358091005,1
"text243",0.60125260960334,0.303409881697982,0.0448851774530271,0.0445372303409882,0.00591510090466249,1
"text244",0.127862595419847,0.479007633587786,0.0610687022900763,0.0744274809160305,0.25763358778626,2
"text245",0.75819297558428,0.133437785611699,0.0138399268834051,0.0921791356573965,0.00235017626321974,1
"text246",0.10729956122856,0.714399680893498,0.100119664938173,0.0717989629038692,0.00638213003589948,2
"text247",0.173038229376258,0.309859154929577,0.156941649899396,0.336016096579477,0.0241448692152917,4
"text248",0.397905759162304,0.443280977312391,0.0959860383944154,0.0383944153577661,0.0244328097731239,2
"text249",0.506819421713039,0.379159847244954,0.0392798690671031,0.0681942171303873,0.00654664484451719,1
"text250",0.0897887323943662,0.807218309859155,0.0713028169014085,0.019806338028169,0.0118838028169014,2
"text251",0.105450236966825,0.0876777251184834,0.678909952606635,0.109004739336493,0.018957345971564,3
"text252",0.044031647746818,0.773649810801514,0.128998968008256,0.0457516339869281,0.00756793945648435,2
"text253",0.636238417230153,0.341723015276734,0.00851490107688455,0.0118958176809416,0.00162784873528675,1
"text254",0.181547619047619,0.756764069264069,0.0121753246753247,0.0449134199134199,0.0045995670995671,2
"text255",0.698285714285714,0.232380952380952,0.04,0.0243809523809524,0.00495238095238095,1
"text256",0.274193548387097,0.601018675721562,0.0534804753820034,0.0602716468590832,0.0110356536502547,2
"text257",0.053921568627451,0.323529411764706,0.329248366013072,0.276960784313726,0.0163398692810458,3
"text258",0.127659574468085,0.48936170212766,0.186170212765957,0.138297872340426,0.0585106382978723,2
"text259",0.26684575777927,0.190843966868144,0.0348108350123125,0.504925005596597,0.00257443474367584,4
"text260",0.0781096160157532,0.613390219888415,0.1985559566787,0.101739415818838,0.0082047915982934,2
"text261",0.0353408615641991,0.0165202843998327,0.867419489753241,0.0765370138017566,0.00418235048097031,3
"text262",0.0258103241296519,0.193877551020408,0.0102040816326531,0.76500600240096,0.00510204081632653,4
"text263",0.500789889415482,0.36636507252621,0.0182392646847623,0.111733448226339,0.00287232514720666,1
"text264",0.131710709318498,0.597913769123783,0.201529902642559,0.0150208623087622,0.0538247566063978,2
"text265",0.276190476190476,0.542857142857143,0.0595238095238095,0.0833333333333333,0.0380952380952381,2
"text266",0.148373983739837,0.152439024390244,0.465447154471545,0.144308943089431,0.0894308943089431,3
"text267",0.130573248407643,0.101910828025478,0.0764331210191083,0.133757961783439,0.557324840764331,5
"text268",0.140015910898966,0.665075576770088,0.0835322195704057,0.101034208432776,0.0103420843277645,2
"text269",0.0653379549393414,0.35684575389948,0.0395147313691508,0.53578856152513,0.00251299826689775,4
"text270",0.24967824967825,0.393822393822394,0.027027027027027,0.207207207207207,0.122265122265122,2
"text271",0.0540312368087801,0.571971295905445,0.125369354157873,0.192908400168848,0.0557197129590545,2
"text272",0.351624933404369,0.502397442727757,0.0213106020245072,0.115610015982952,0.00905700586041556,2
"text273",0.783377837116155,0.0287049399198932,0.171562082777036,0.0113484646194927,0.00500667556742323,1
"text274",0.15,0.4675,0.12,0.1875,0.075,2
"text275",0.167180652491479,0.799058594384029,0.01428339555267,0.0172049991884434,0.00227235838337932,2
"text276",0.0350274725274725,0.491612554112554,0.00666000666000666,0.466096403596404,0.000603563103563104,2
"text277",0.0819672131147541,0.695976154992548,0.140089418777943,0.0611028315946349,0.0208643815201192,2
"text278",0.0186726202557337,0.462553277856708,0.365130911305054,0.060280089303836,0.0933631012786686,2
"text279",0.246575342465753,0.178082191780822,0.205479452054795,0.246575342465753,0.123287671232877,1
"text280",0.113133151349712,0.0991810737033667,0.617531088868668,0.165908401577191,0.00424628450106157,3
"text281",0.507005253940455,0.0761821366024518,0.0481611208406305,0.352014010507881,0.0166374781085814,1
"text282",0.042483660130719,0.0359477124183007,0.0392156862745098,0.0392156862745098,0.843137254901961,5
"text283",0.0380479735318445,0.0427005789909016,0.247105045492142,0.665736145574855,0.00641025641025641,4
"text284",0.13663410800494,0.0362074772650724,0.653137981362973,0.173346805883013,0.000673627484001347,3
"text285",0.324006142296536,0.429363589831087,0.185121992833987,0.0601433202525166,0.00136495478587272,2
"text286",0.769433465085639,0.0505050505050505,0.0241545893719807,0.148001756697409,0.00790513833992095,1
"text287",0.0796703296703297,0.586538461538462,0.233516483516484,0.0714285714285714,0.0288461538461538,2
"text288",0.201289134438306,0.730386740331492,0.0285451197053407,0.0366482504604052,0.00313075506445672,2
"text289",0.048447925732521,0.751958224543081,0.0910937046707282,0.0954453147664636,0.0130548302872063,2
"text290",0.465895249695493,0.390377588306943,0.100487210718636,0.0328867235079172,0.010353227771011,1
"text291",0.0515995872033024,0.68937048503612,0.181630546955624,0.065015479876161,0.0123839009287926,2
"text292",0.154639175257732,0.298969072164948,0.247422680412371,0.195876288659794,0.103092783505155,2
"text293",0.213623683973724,0.753981823090075,0.0068388373976424,0.0239359308917484,0.00161972464681004,2
"text294",0.653295128939828,0.123209169054441,0.186246418338109,0.0219675262655205,0.0152817574021012,1
"text295",0.350909462497445,0.377682403433476,0.10790925812385,0.0443490701001431,0.119149805845085,2
"text296",0.14945652173913,0.307065217391304,0.423913043478261,0.0842391304347826,0.0353260869565217,3
"text297",0.694748358862144,0.191466083150985,0.0612691466083151,0.037199124726477,0.0153172866520788,1
"text298",0.190735694822888,0.691643960036331,0.0685740236148955,0.0408719346049046,0.00817438692098093,2
"text299",0.1,0.686666666666667,0.0833333333333333,0.08,0.05,2
"text300",0.0650537634408602,0.621505376344086,0.226344086021505,0.0435483870967742,0.0435483870967742,2
"text301",0.0802139037433155,0.388429752066116,0.0593096742829363,0.075838599902771,0.396208070004861,5
"text302",0.0789177001127396,0.0349492671927847,0.222096956031567,0.660814946046062,0.00322113061684651,4
"text303",0.150565016711762,0.357154225688365,0.444851185739296,0.0428139423842114,0.00461562947636479,3
"text304",0.124528301886792,0.578616352201258,0.119496855345912,0.155974842767296,0.0213836477987421,2
"text305",0.626334519572954,0.245551601423488,0.0931198102016607,0.0272835112692764,0.00771055753262159,1
"text306",0.169775409212029,0.0342596117244005,0.742672249714503,0.0464408070041873,0.00685192234488009,3
"text307",0.106870229007634,0.239799947354567,0.0421163464069492,0.404843379836799,0.206370097394051,4
"text308",0.0990566037735849,0.108490566037736,0.641509433962264,0.0943396226415094,0.0566037735849057,3
"text309",0.335179032853451,0.372093023255814,0.254706533776301,0.0302694721299372,0.00775193798449612,2
"text310",0.346927374301676,0.0407821229050279,0.306145251396648,0.102793296089385,0.203351955307263,1
"text311",0.191011235955056,0.49063670411985,0.202247191011236,0.0917602996254682,0.0243445692883895,2
"text312",0.0851265469952057,0.533671535288215,0.200524027204817,0.054911361355781,0.125766529155982,2
"text313",0.510892780862879,0.378897906877403,0.056386159760786,0.045279794959419,0.00854335753951303,1
"text314",0.593023255813954,0.244186046511628,0.08656330749354,0.062015503875969,0.0142118863049096,1
"text315",0.585543397626113,0.190096439169139,0.00570289317507418,0.21759087537092,0.00106639465875371,1
"text316",0.554778554778555,0.0769230769230769,0.258741258741259,0.0606060606060606,0.048951048951049,1
"text317",0.0875251509054326,0.51307847082495,0.262575452716298,0.0734406438631791,0.0633802816901408,2
"text318",0.0474777448071217,0.7236646884273,0.123145400593472,0.0990356083086053,0.00667655786350148,2
"text319",0.0978835978835979,0.58994708994709,0.148148148148148,0.12962962962963,0.0343915343915344,2
"text320",0.114093959731544,0.686241610738255,0.102348993288591,0.075503355704698,0.0218120805369128,2
"text321",0.0571428571428571,0.89146508443633,0.021816522136011,0.0281150159744409,0.00146052031036057,2
"text322",0.419751841016847,0.411782507818017,0.00756582265711692,0.159386663976596,0.00151316453142338,1
"text323",0.0907333419255059,0.706920994973579,0.0729475447866993,0.126949349142931,0.00244876917128496,2
"text324",0.510133178922988,0.380428488708743,0.0370584829183555,0.0636942675159236,0.00868558193398958,1
"text325",0.477169264726169,0.243757759690992,0.0484204717892123,0.228031452614154,0.00262105117947303,1
"text326",0.550173812282735,0.238006952491309,0.121205098493627,0.0850521436848204,0.00556199304750869,1
"text327",0.222222222222222,0.497777777777778,0.0888888888888889,0.111111111111111,0.08,2
"text328",0.630862972934675,0.154881677766756,0.169760521468046,0.0422275754569931,0.00226725237352983,1
"text329",0.196880170172536,0.644528480264713,0.0737414322855117,0.0765776412195698,0.00827227605766958,2
"text330",0.752759130731596,0.18659688246672,0.0218454886790306,0.0329957901922858,0.00580270793036751,1
"text331",0.0262219581042936,0.0136681028079037,0.604739266082306,0.352993611647601,0.0023770613578963,3
"text332",0.155963302752294,0.339449541284404,0.31651376146789,0.110091743119266,0.0779816513761468,2
"text333",0.107871720116618,0.352769679300292,0.364431486880466,0.131195335276968,0.043731778425656,3
"text334",0.130389064143007,0.706624605678233,0.0998948475289169,0.0431125131440589,0.0199789695057834,2
"text335",0.023374415639609,0.03782405439864,0.304292392690183,0.42966425839354,0.204844878878028,4
"text336",0.683257918552036,0.0799396681749623,0.201357466063348,0.0218702865761689,0.0135746606334842,1
"text337",0.147482014388489,0.553956834532374,0.115107913669065,0.12589928057554,0.0575539568345324,2
"text338",0.60480093676815,0.121779859484778,0.225995316159251,0.0392271662763466,0.00819672131147541,1
"text339",0.0596026490066225,0.69205298013245,0.0993377483443709,0.0993377483443709,0.0496688741721854,2
"text340",0.14064914992272,0.565687789799073,0.0942812982998454,0.17774343122102,0.0216383307573416,2
"text341",0.245049504950495,0.398514851485149,0.200495049504951,0.113861386138614,0.0420792079207921,2
"text342",0.0730676651511099,0.0427921904252474,0.203958277614335,0.671195506820005,0.00898635998930195,4
"text343",0.59158505622053,0.0123322451940515,0.343126586869786,0.0460645629307218,0.00689154878491114,1
"text344",0.0140776699029126,0.0300970873786408,0.0116504854368932,0.0121359223300971,0.932038834951456,5
"text345",0.135200974421437,0.665042630937881,0.107186358099878,0.0730816077953715,0.0194884287454324,2
"text346",0.10731577310887,0.582463465553236,0.0903033802691778,0.21902900546351,0.000888375605205881,2
"text347",0.761299435028249,0.0575564971751412,0.166666666666667,0.00635593220338983,0.00812146892655367,1
"text348",0.036848792884371,0.0571791613722999,0.411689961880559,0.467598475222363,0.0266836086404066,4
"text349",0.106397536777284,0.101493898962253,0.216558330482381,0.570760634051773,0.00478959972630859,4
"text350",0.136239782016349,0.493188010899183,0.136239782016349,0.188010899182561,0.0463215258855586,2
"text351",0.115384615384615,0.355769230769231,0.192307692307692,0.211538461538462,0.125,2
"text352",0.00800609988562714,0.00609988562714449,0.00457491422035837,0.00571864277544796,0.975600457491422,5
"text353",0.372093023255814,0.521755438859715,0.0442610652663166,0.0528882220555139,0.00900225056264066,2
"text354",0.482928835870012,0.0452488687782805,0.263266145619087,0.177704648292884,0.0308515014397367,1
"text355",0.22892585283338,0.682830561037497,0.047082041161545,0.0355229771638004,0.00563856780377784,2
"text356",0.152,0.32,0.208,0.216,0.104,2
"text357",0.716326530612245,0.122448979591837,0.0555102040816327,0.0987755102040816,0.00693877551020408,1
"text358",0.129081245254366,0.700075930144267,0.088078967350038,0.0607441154138193,0.0220197418375095,2
"text359",0.0309457579972184,0.825104311543811,0.122044506258693,0.0152990264255911,0.00660639777468707,2
"text360",0.0482885085574572,0.0235330073349633,0.709963325183374,0.213325183374083,0.00488997555012225,3
"text361",0.0457629793277576,0.0995739308821209,0.189679659144706,0.661669559728578,0.00331387091683762,4
"text362",0.545454545454545,0.0854545454545454,0.301818181818182,0.0363636363636364,0.0309090909090909,1
"text363",0.108552631578947,0.647478070175439,0.103618421052632,0.103618421052632,0.0367324561403509,2
"text364",0.127180692398084,0.0321793365271626,0.475729910512519,0.350899394377655,0.0140106661845792,3
"text365",0.607334428024083,0.0134646962233169,0.338806787082649,0.0367816091954023,0.00361247947454844,1
"text366",0.0782268578878748,0.814863102998696,0.0319426336375489,0.061277705345502,0.0136897001303781,2
"text367",0.0220096469539135,0.0180779052328645,0.92075716428195,0.0383851485549836,0.000770134976287949,3
"text368",0.14125650260104,0.280645591569961,0.375883686808057,0.199279711884754,0.00293450713618781,3
"text369",0.674172185430464,0.120529801324503,0.135099337748344,0.0490066225165563,0.0211920529801325,1
"text370",0.214896214896215,0.36996336996337,0.0769230769230769,0.128205128205128,0.21001221001221,2
"text371",0.766850490196078,0.147365196078431,0.0180759803921569,0.0603553921568627,0.00735294117647059,1
"text372",0.640595903165736,0.0875232774674116,0.184357541899441,0.0558659217877095,0.031657355679702,1
"text373",0.0825515947467167,0.682301438398999,0.140712945590994,0.0819262038774234,0.0125078173858662,2
"text374",0.149203688181056,0.628667225481978,0.0360435875943001,0.0930427493713328,0.0930427493713328,2
"text375",0.0485599464166108,0.721031480241125,0.0519089082384461,0.171466845277964,0.00703281982585399,2
"text376",0.051505016722408,0.70943143812709,0.0225641025641026,0.214715719063545,0.00178372352285396,2
"text377",0.197737449917511,0.647183596511902,0.0737685599811454,0.0737685599811454,0.00754183360829602,2
"text378",0.240923268870867,0.325764192139738,0.00318153462258266,0.428633811603244,0.00149719276356831,4
"text379",0.10388664704633,0.287812130222398,0.00570405655511393,0.601413877848236,0.00118328832792257,4
"text380",0.0425196850393701,0.0328083989501312,0.856692913385827,0.0635170603674541,0.00446194225721785,3
"text381",0.159255719826859,0.171060767890269,0.00668952723593232,0.661307549609309,0.00168643543763,4
"text382",0.290630914826498,0.630662460567823,0.0419242902208202,0.0358675078864353,0.000914826498422713,2
"text383",0.335164835164835,0.181318681318681,0.175824175824176,0.21978021978022,0.0879120879120879,1
"text384",0.0866701561545843,0.792593561894792,0.0041001483032365,0.115763761667975,0.000872371979412021,2
"text385",0.144594007815892,0.457663916630482,0.171949630916196,0.216673903603995,0.00911854103343465,2
"text386",0.138880806905247,0.832702938609252,0.0166812142372224,0.0100863155852973,0.00164872466298128,2
"text387",0.0987607244995234,0.708674928503336,0.161487130600572,0.0232602478551001,0.00781696854146807,2
